function colors = get_colors()
colors = [[0.19154,      0.78665,      0.56299]', ...
          [1.0,      0.31997,      0.20648]',...
          [0.24929,       0.4175,      0.87439]',...
          [0.18907,      0.61792,      0.73418]',...
          [0.19126,      0.50687,      0.84305]',...
          [0.20127,      0.55259,      0.78732]',...
          [0.35756,      0.34505,      0.83857]',...
          [0.22557,      0.28247,       1.0]',...
          [0.13424,       1.0,      0.31652]',...
          [0.66463,      0.19804,      0.67851]',...
          [0.19239,      0.44728,       0.9015]',...
          [0.95037,      0.20389,      0.38692]',...
          [0.77345,      0.61533,       0.1524]',...
          [0.30151,      0.34759,      0.89208]',...
          [0.99527,      0.17835,      0.36756]',...
          [0.27262,      0.94403,      0.32453]',...
          [0.18825,       0.3112,       1.0]',...
          [0.75407,      0.21028,      0.57682]',...
          [0.95666,      0.21458,      0.36994]',...
          [0.70021,      0.64825,      0.19272]',...
          [0.83042,      0.24671,      0.46405]',...
          [0.15455,      0.70476,      0.68187]',...
          [0.88803,      0.13745,       0.5157]',...
          [0.84613,      0.33478,      0.36026]',...
          [0.21983,      0.75253,      0.56881]',...
          [1.0,          0.2306,       0.2356]',...
          [0.80296,      0.20942,       0.5288]',...
          [0.58862,      0.75509,      0.19747]',...
          [0.35962,      0.32453,      0.85702]',...
          [0.83715,      0.45574,      0.24829]',...
          [0.31095,      0.40509,      0.82514]',...
          [0.16349,      0.99597,      0.38172]',...
          [0.49841,      0.90317,       0.1396]',...
          [0.18493,      0.42813,      0.92811]',...
          [1.0,          0.33381,      0.19519]',...
          [1.0,          0.27752,      0.25775]',...
          [0.78035,      0.24489,      0.51593]',...
          [ 0.1856,      0.43055,      0.92503]',...
          [0.59614,      0.81037,      0.13467]',...
          [0.19053,      0.37403,      0.97662]',...
          [0.49686,      0.84013,      0.20419]',...
          [0.23716,      0.82479,      0.47923]',...
          [0.25245,       1.0,      0.23583]',...
          [0.81172,      0.57119,      0.15826]',...
          [0.27386,      0.43549,      0.83183]',...
          [0.56457,      0.20022,      0.77639]',...
          [0.61072,       0.1609,      0.76956]',...
          [0.67359,      0.19018,       0.6774]',...
          [0.84936,      0.31897,      0.37285]',...
          [0.23694,      0.98922,      0.31501]',...
          [0.59195,      0.75386,      0.19537]',...
          [0.74114,      0.17774,       0.6223]',...
          [0.16803,      0.18377,       1.0]',...
          [0.27192,      0.93854,      0.33071]',...
          [0.91044,      0.46916,      0.16157]',...
          [0.23296,      0.96293,      0.34528]',...
          [0.25584,      0.31958,      0.96576]',...
          [0.83593,       0.5283,      0.17695]',...
          [0.44946,      0.21624,      0.87548]',...
          [0.32639,      0.22925,      0.98554]',...
          [0.67966,      0.70074,      0.16078]',...
          [0.82396,      0.55465,      0.16257]',...
          [0.68395,      0.65521,      0.20202]',...
          [0.80606,      0.46624,      0.26888]',...
          [1.0,          0.23468,      0.23705]',...
          [0.94236,      0.24463,      0.35418]',...
          [ 0.6536,      0.20572,      0.68186]',...
          [0.22248,      0.74823,      0.57047]',...
          [ 0.3312,      0.89567,      0.31431]',...
          [ 0.4163,      0.19902,      0.92586]',...
          [0.94484,      0.35995,      0.23639]',...
          [0.19372,      0.93571,      0.41174]',...
          [0.85456,      0.45436,      0.23225]',...
          [0.40107,      0.15027,      0.98984]',...
          [0.76182,      0.16243,      0.61693]',...
          [0.41406,      0.26888,      0.85823]',...
          [0.67045,       0.2004,      0.67033]',...
          [0.51716,      0.19579,      0.82822]',...
          [ 0.4055,       0.1577,      0.97798]',...
          [0.58041,      0.77744,      0.18332]',...
          [0.56521,      0.80512,      0.17084]',...
          [0.54313,      0.77533,      0.22271]',...
          [0.19466,       1.0,         0.2256]',...
          [0.22089,      0.50544,      0.81485]',...
          [0.83003,      0.48547,      0.22568]',...
          [0.51948,      0.84102,      0.18068]',...
          [0.73399,      0.60549,      0.20169]',...
          [0.23874,       1.0,         0.22787]',...
          [0.16525,       1.0,         0.18075]',...
          [ 0.1728,      0.58864,      0.77974]',...
          [0.20619,        1.0,      0.30902]',...
          [0.19089,      0.96096,      0.38932]',...
          [0.89927,      0.22296,      0.41894]',...
          [0.84827,      0.53326,      0.15964]',...
          [0.83217,      0.42953,      0.27948]',...
          [ 0.3344,      0.24005,      0.96673]',...
          [0.20283,      0.70141,      0.63694]',...
          [  0.901,      0.34352,      0.29666]',...
          [0.14355,      0.83488,      0.56275]',...
          [0.19705,      0.19373,       1.0]',... 
          [0.19154,      0.78665,      0.56299]', ...
          [1.0,      0.31997,      0.20648]',...
          [0.24929,       0.4175,      0.87439]',...
          [0.18907,      0.61792,      0.73418]',...
          [0.19126,      0.50687,      0.84305]',...
          [0.20127,      0.55259,      0.78732]',...
          [0.35756,      0.34505,      0.83857]',...
          [0.22557,      0.28247,       1.0]',...
          [0.13424,       1.0,      0.31652]'];
end